41 41 41 41 41 41 41 41
41 41 41 41 41 41 41 41
41 41 41 41 41 41 41 41
41 41 41 41 41 41 41 41
41 41 41 41 41 41 41 41
41 41 41 41 41 41 41 41
41 41 41 41 41 41 41 41
10 8c 80 00 00 00 00 00
60 00 00 00 00 00 00 00
a8 8c 80 00 00 00 00 00
fb 8c 80 00 00 00 00 00
54 8c 80 00 00 00 00 00
41 8c 80 00 00 00 00 00
07 8c 80 00 00 00 00 00
3a 8c 80 00 00 00 00 00
07 8c 80 00 00 00 00 00
5d 8b 80 00 00 00 00 00
41 41 41 41 41 41 41 41
41 41 41 41 41 41 41 41
41 41 41 41 41 41 41 41
41 41 41 41 41 41 41 41
41 41 41 41 41 41 41 41
41 41 41 41 41 41 41 41
41 41 41 41 41 41 41 41
41 41 41 41 41 41 41 41
32 63 65 31 61 32 31 61
